image 1000 1000
sclear white
size 5
line 0 0 1000 1000 
line 20 0 980 1000 
line 40 0 960 1000 
line 60 0 940 1000 
line 80 0 920 1000 
line 100 0 900 1000 
line 120 0 880 1000 
line 140 0 860 1000 
line 160 0 840 1000 
line 180 0 820 1000 
line 200 0 800 1000 
line 220 0 780 1000 
line 240 0 760 1000 
line 260 0 740 1000 
line 280 0 720 1000 
line 300 0 700 1000 
line 320 0 680 1000 
line 340 0 660 1000 
line 360 0 640 1000 
line 380 0 620 1000 
line 400 0 600 1000 
line 420 0 580 1000 
line 440 0 560 1000 
line 460 0 540 1000 
line 480 0 520 1000 
line 500 0 500 1000 
line 520 0 480 1000 
line 540 0 460 1000 
line 560 0 440 1000 
line 580 0 420 1000 
line 600 0 400 1000 
line 620 0 380 1000 
line 640 0 360 1000 
line 660 0 340 1000 
line 680 0 320 1000 
line 700 0 300 1000 
line 720 0 280 1000 
line 740 0 260 1000 
line 760 0 240 1000 
line 780 0 220 1000 
line 800 0 200 1000 
line 820 0 180 1000 
line 840 0 160 1000 
line 860 0 140 1000 
line 880 0 120 1000 
line 900 0 100 1000 
line 920 0 80 1000 
line 940 0 60 1000 
line 960 0 40 1000 
line 980 0 20 1000 
line 1000 0 0 1000 
rotate
line 0 0 1000 1000 
line 20 0 980 1000 
line 40 0 960 1000 
line 60 0 940 1000 
line 80 0 920 1000 
line 100 0 900 1000 
line 120 0 880 1000 
line 140 0 860 1000 
line 160 0 840 1000 
line 180 0 820 1000 
line 200 0 800 1000 
line 220 0 780 1000 
line 240 0 760 1000 
line 260 0 740 1000 
line 280 0 720 1000 
line 300 0 700 1000 
line 320 0 680 1000 
line 340 0 660 1000 
line 360 0 640 1000 
line 380 0 620 1000 
line 400 0 600 1000 
line 420 0 580 1000 
line 440 0 560 1000 
line 460 0 540 1000 
line 480 0 520 1000 
line 500 0 500 1000 
line 520 0 480 1000 
line 540 0 460 1000 
line 560 0 440 1000 
line 580 0 420 1000 
line 600 0 400 1000 
line 620 0 380 1000 
line 640 0 360 1000 
line 660 0 340 1000 
line 680 0 320 1000 
line 700 0 300 1000 
line 720 0 280 1000 
line 740 0 260 1000 
line 760 0 240 1000 
line 780 0 220 1000 
line 800 0 200 1000 
line 820 0 180 1000 
line 840 0 160 1000 
line 860 0 140 1000 
line 880 0 120 1000 
line 900 0 100 1000 
line 920 0 80 1000 
line 940 0 60 1000 
line 960 0 40 1000 
line 980 0 20 1000 
line 1000 0 0 1000 
save 6 oi.ppm
